1 001
6 002
2 002 John 40000 
2 103 Manager1 50000 
2 104 Manager2 50000 103
2 003 Yelena 50000 
2 004 Lev 30000 
2 025 Reyzin 49083
2 005 Brian 20000
2 006 Sisu 60000 102
2 007 Jamesbond 59000 170
2 008 Rachitha 50000 103
2 090 Santhosh 60000 104 
2 091 Sunil 60000 090
2 092 Aakash 60000 091
4 103
5 103
6 103
2 060 Saima 6000 104 
2 061 Sanish 50000 090
2 062 Aksahy 40000 091
3 
1 025
1 333
4 103
5 103
6 103
2 033 Yashuka 54000 
2 034 Leviyern 30300 
2 035 Reyzinor 49083
2 022 Aalashi 60000 091
6 103